578672
923241
273287
298486
340678
631528
97896
925897
1011661
360590
810060
865361
148707
190972
303751
523174
39241
417632
2236
751277
934319
913893
660497
829091
721359
460191
427604
60986
732333
707045
558881
756001
731385
1024450
1018876
942783
1032055
23279
810168
472184
659380
324776
258703
415929
1038164
955163
675871
773919
71174
503559
465511
954469
123234
250762
1000587
436301
764427
843773
594022
846508
728636
665729
905924
783793
11367
340364
761225
858476
744517
81849
674311
491185
574129
461872
653391
776642
77768
689235
457337
382788
340507
113283
354128
336119
1030611
786794
55933
159680
973899
878610
428083
98144
977444
994626
934634
515878
503212
916359
351670
32775
1013226
44587
6266
1012252
853938
848934
549599
831509
721885
391301
473905
840349
510524
1045773
782429
392683
677658
903709
931331
176764
157212
44529
195580
15804
621730
43732
596778
910877
913134
723241
135353
118682
252817
412898
787109
222328
992431
450938
366597
21105
48690
305170
606653
953918
828753
139224
287546
513847
606645
942971
557905
829197
468013
14662
1009077
643149
64487
302978
506178
156161
293001
260177
5591
23201
655763
137163
425971
560516
451985
586559
357472
247847
883943
264288
902351
856577
619769
75919
136857
925283
129648
386240
252103
320344
666152
790218
706752
710496
514892
331964
946058
804392
738830
803463
522874
978912
378273
95183
217944
139172
314376
22123
673678
434897
870530
1635
593122
756101
966144
273497
203554
395272
67041
276162
525618
811706
891269
1029466
193408
596729
380147
337848
900777
143816
637227
528080
890882
32137
434294
267925
178216
929401
717914
534336
379407
523133
374624
540750
261135
738842
60614
367496
83233
236454
195391
400964
109123
886781
113495
466597
381064
17947
48634
406308
207481
487112
495266
80420
55373
350404
26868
69219
133424
175932
398124
947258
665815
229150
1003923
320080
853777
576887
84402
528849
193256
961999
875213
668762
220999
599852
921880
247661
140175
997232
387338
821755
673328
588642
385313
809597
982268
527742
302271
773647
859654
691972
430146
614053
725661
941665
936243
766584
598905
575818
461191
745250
809966
1036458
505761
391404
415757
232251
661591
103268
564766
308030
181103
303974
904112
682661
538148
903274
220510
688803
729675
596234
985740
172753
617018
777414
955103
277708
758579
335771
325424
330664
540090
105745
19612
880343
303362
703316
771086
84867
427385
782494
851947
828095
919719
526272
553500
198602
878788
953177
556847
188066
749674
265101
210101
433533
83770
719252
929445
293701
910505
73580
367897
627786
188616
265445
86758
568478
698143
697604
891332
294177
407904
179868
448248
845001
43100
159398
395172
708705
575102
97374
603638
561233
358218
203468
416890
929665
1011353
179734
517874
969190
180360
804756
643836
101032
377461
541228
178049
691073
878419
901722
1020479
629791
468496
1008887
179045
158674
977645
433711
289410
481625
717311
527265
95527
86052
700146
862546
494085
648332
835454
729168
990451
38185
485856
316913
711843
278768
628752
325110
612328
50204
420827
454006
18670
297088
745036
632207
209657
931152
86098
223016
298288
584413
718804
492640
1007871
931266
460593
938857
597531
13053
182397
852937
898023
111222
118403
1018860
892970
144327
656547
464548
843018
715367
940803
585533
666534
889634
138281
843372
112737
151138
888213
578170
754147
487178
999714
906116
285196
556518
656645
864159
121021
686382
308258
485295
322746
104446
640567
839900
229265
133878
949546
452680
563898
479303
377286
739938
290519
949873
51870
839455
1024559
967142
1027243
844703
217384
1019775
432209
437465
384896
969900
1022340
1021799
895483
136340
544382
274059
958304
273391
115275
896912
756609
890588
220336
838057
824275
4735
933365
1012882
270853
1007356
775685
705996
480647
959444
195287
54320
798670
1019329
78763
29397
963622
133150
607787
1033160
981251
863936
987042
865172
910809
980749
4537
570084
213827
968386
191605
422354
952082
531443
228292
375219
862319
249819
1042327
686021
858253
337406
717180
386188
872442
283256
629244
89335
1034783
155442
463545
86575
1006958
783409
984862
86416
27907
392844
507309
988539
515580
838664
936963
768584
706729
531269
264926
144703
209392
505584
704483
469434
10374
680482
810338
163222
395642
423821
904476
798920
84307
803077
28788
404817
57013
354560
777324
614239
1005331
577884
103056
108670
461078
587301
425270
244166
363662
761548
693988
126389
702500
818429
281658
555914
769968
566612
413826
462734
963918
477453
530048
366944
226456
358536
880363
237093
968180
296806
1044571
865798
7106
1021113
332168
380302
2022
766850
354380
639908
757118
907998
442223
1027614
662444
390550
492307
500641
519893
600259
723517
211452
639080
895223
534971
582048
1040784
657523
1017390
479485
959948
336918
342896
560231
375374
521242
99950
692143
311434
109355
445404
161734
216247
452217
406404
602541
687557
475883
760678
282105
710294
78801
598544
696507
309668
209366
798970
857319
671553
613272
709250
799410
99475
72818
937278
11399
106765
135292
464447
884583
694778
566107
91346
36653
917103
567871
887939
261504
580104
4453
842499
625322
619627
990093
291007
662034
601853
76860
628593
653935
98154
195979
970121
1026536
298162
856730
1011890
450160
306903
897790
1014272
1039840
757595
827611
1028698
659741
558844
767432
99463
160874
457824
616223
370650
194582
573279
478068
982012
819699
902640
883469
409035
857922
46725
253864
1018083
417895
155446
373575
487780
148638
12823
464600
481825
752433
474237
308031
598468
867541
818363
821076
1031246
579802
816965
178999
499783
111793
960642
76701
137338
1035841
475939
504480
91274
959169
13961
210530
951882
90264
255143
815510
581073
7710
455066
265902
458324
504758
243615
10745
722538
363503
74412
547277
519296
147680
509469
975095
288327
83030
197390
270386
485005
663610
615737
399050
831587
430532
424036
1016578
256288
203531
83977
316557
184980
725547
924436
61746
755163
956547
963679
230977
104831
45380
815046
664869
310923
368710
993257
72400
446898
832832
41042
308799
113960
960250
528102
168872
337036
101464
604197
757153
472443
278557
204829
78482
658074
1034609
938848
895273
1035345
114411
951273
349656
56803
233591
265983
507148
321759
705725
110106
665916
775521
229522
408386
94692
405356
175883
537655
505172
794382
393743
937965
748439
557221
588214
215770
1033899
129093
121059
310386
695483
351975
1010478
194137
746144
908262
1004049
943125
965117
266924
1005608
537510
336227
756570
961151
493521
1042897
336027
170775
53010
899688
27391
596198
843143
93738
614165
373020
911127
508824
369555
57905
251150
376872
896543
483875
424287
500499
483589
415798
227591
96415
264991
773371
426065
294829
142309
370176
930294
633895
207503
453039
784113
494942
472261
238284
925378
738728
388067
273633
163957
413899
45360
882119
304672
499663
184311
5656
985100
341897
993191
79862
919629
273292
356357
561337
793651
999962
594857
221229
704624
618664
146086
603176
511952
1032389
328768
472505
956549
974023
900527
565994
319873
746805
